one
two
three
1642529135
four
1643649420
1643649422
1643649424
1643649442
1643649445
1643649448
1643649451
1643649453
1643650425
1643650427
1643650428
1643650430
1643650431
1643650433
1643650435
1643650436
1643650438
1643650440
1643650443
1643650444
1643650446
1643650448
1643650450
1643650452
1643650454
1643650455
1643650457
1643650459
1643650461
1643650463
1643650465
1643650466
1643650468
1643650470
1643650472
1643650474
1643650475
1643650477
1643650479
1643650481
1643650483
1643650484
1643650486
1643650488
1643650489
1643650491
1643650493
1643650495
1643650497
1643650499
1643650511
1643650511
1643650511
1643650511
1643650511
1643650511
1643650511
1643650511
1643650511
1643650512
1643650514
1643650514
1643650514
1643650514
1643650515
1643650515
1643650515
1643650515
1643650515
1643650515
1643650517
1643650517
1643650517
1643650518
1643650518
1643650518
1643650518
1643650518
1643650518
1643650518
1643650521
1643650521
1643650521
1643650521
1643650521
1643650521
1643650521
1643650521
1643650521
1643650521
1643650524
1643650524
1643650524
1643650524
1643650525
1643650525
1643650525
1643650525
1643650525
1643650525
1643650528
1643650528
1643650528
1643650528
1643650528
1643650528
1643650528
1643650528
1643650528
1643650528
1643650531
1643650531
1643650531
1643650531
1643650531
1643650531
1643650531
1643650531
1643650531
1643650531
1643650534
1643650535
1643650535
1643650535
1643650535
1643650535
1643650535
1643650535
1643650535
1643650535
1643650538
1643650538
1643650538
1643650538
1643650538
1643650538
1643650538
1643650538
1643650538
1643650538
1643650541
1643650541
1643650541
1643650541
1643650541
1643650541
1643650541
1643650541
1643650541
1643650541
1643650780
1643650780
1643650780
1643650781
1643650781
1643650781
1643650781
1643650781
1643650781
1643650781
1643650784
1643650784
1643650784
1643650784
1643650784
1643650784
1643650784
1643650784
1643650784
1643650784
1643650787
1643650787
1643650787
1643650787
1643650787
1643650787
1643650787
1643650787
1643650787
1643650787
1643650790
1643650790
1643650790
1643650790
1643650790
1643650790
1643650790
1643650790
1643650790
1643650791
1643650793
1643650793
1643650793
1643650793
1643650793
1643650793
1643650794
1643650794
1643650794
1643650794
1643650797
1643650797
1643650797
1643650797
1643650797
1643650797
1643650797
1643650797
1643650797
1643650797
1643650800
1643650800
1643650800
1643650800
1643650800
1643650800
1643650800
1643650800
1643650800
1643650800
1643650804
1643650804
1643650804
1643650804
1643650804
1643650804
1643650804
1643650804
1643650804
1643650804
1643650807
1643650807
1643650807
1643650807
1643650807
1643650807
1643650807
1643650807
1643650807
1643650807
1643650810
1643650810
1643650810
1643650810
1643650810
1643650811
1643650811
1643650811
1643650811
1643650811
1643650988
1643650988
1643650988
1643650988
1643650989
1643650989
1643650989
1643650989
1643650989
1643650989
1643650992
1643650992
1643650992
1643650992
1643650992
1643650992
1643650992
1643650992
1643650992
1643650992
1643650995
1643650995
1643650995
1643650996
1643650996
1643650996
1643650996
1643650996
1643650996
1643650996
1643650999
1643650999
1643650999
1643650999
1643650999
1643650999
1643650999
1643650999
1643650999
1643650999
1643651003
1643651003
1643651003
1643651003
1643651003
1643651003
1643651003
1643651003
1643651003
1643651003
1643651006
1643651006
1643651006
1643651006
1643651006
1643651006
1643651006
1643651007
1643651007
1643651007
1643651010
1643651010
1643651010
1643651010
1643651010
1643651010
1643651010
1643651010
1643651011
1643651011
1643651014
1643651014
1643651014
1643651014
1643651014
1643651014
1643651014
1643651014
1643651015
1643651015
1643651018
1643651018
1643651018
1643651018
1643651018
1643651018
1643651018
1643651018
1643651018
1643651018
1643651022
1643651022
1643651022
1643651022
1643651022
1643651022
1643651022
1643651022
1643651022
1643651022
1643651148
1643651148
1643651148
1643651148
1643651148
1643651148
1643651148
1643651148
1643651149
1643651149
1643651151
1643651151
1643651151
1643651152
1643651152
1643651152
1643651152
1643651152
1643651152
1643651152
1643651155
1643651155
1643651155
1643651155
1643651155
1643651155
1643651155
1643651155
1643651155
1643651155
1643651158
1643651158
1643651158
1643651158
1643651158
1643651158
1643651158
1643651158
1643651158
1643651158
1643651162
1643651162
1643651162
1643651162
1643651162
1643651162
1643651162
1643651162
1643651162
1643651162
1643651165
1643651165
1643651165
1643651165
1643651165
1643651165
1643651165
1643651165
1643651165
1643651165
1643651168
1643651168
1643651168
1643651168
1643651168
1643651168
1643651169
1643651169
1643651169
1643651169
1643651172
1643651172
1643651172
1643651172
1643651172
1643651172
1643651172
1643651172
1643651172
1643651172
1643651175
1643651175
1643651175
1643651175
1643651175
1643651175
1643651175
1643651175
1643651175
1643651175
1643651178
1643651178
1643651178
1643651178
1643651178
1643651178
1643651178
1643651178
1643651179
1643651179
1643651308
1643651308
1643651308
1643651308
1643651308
1643651308
1643651309
1643651309
1643651309
1643651309
1643651312
1643651312
1643651312
1643651312
1643651312
1643651312
1643651312
1643651312
1643651312
1643651312
1643651316
1643651316
1643651316
1643651316
1643651316
1643651316
1643651316
1643651316
1643651316
1643651316
1643651319
1643651319
1643651319
1643651319
1643651319
1643651320
1643651320
1643651320
1643651320
1643651320
1643651323
1643651323
1643651323
1643651323
1643651323
1643651323
1643651323
1643651323
1643651323
1643651323
1643651327
1643651327
1643651327
1643651327
1643651327
1643651327
1643651327
1643651327
1643651327
1643651327
1643651330
1643651330
1643651330
1643651330
1643651330
1643651330
1643651330
1643651330
1643651330
1643651330
1643651333
1643651334
1643651334
1643651334
1643651334
1643651334
1643651334
1643651334
1643651334
1643651334
1643651337
1643651337
1643651337
1643651337
1643651337
1643651337
1643651337
1643651338
1643651338
1643651338
1643651341
1643651341
1643651341
1643651341
1643651341
1643651341
1643651341
1643651341
1643651341
1643651341
1643651389
1643651389
1643651389
1643651389
1643651389
1643651389
1643651389
1643651389
1643651389
1643651389
1643651389
1643651389
1643651389
1643651389
1643651389
1643651390
1643651390
1643651390
1643651390
1643651390
1643651390
1643651390
1643651390
1643651390
1643651390
1643651390
1643651390
1643651390
1643651390
1643651390
1643651390
1643651390
1643651390
1643651390
1643651390
1643651390
1643651391
1643651391
1643651391
1643651391
1643651391
1643651391
1643651391
1643651391
1643651391
1643651391
1643651391
1643651391
1643651391
1643651391
1643651391
1643651391
1643651391
1643651391
1643651391
1643651391
1643651391
1643651391
1643651392
1643651392
1643651392
1643651392
1643651392
1643651392
1643651392
1643651392
1643651392
1643651392
1643651392
1643651392
1643651392
1643651392
1643651392
1643651392
1643651392
1643651392
1643651392
1643651392
1643651392
1643651392
1643651393
1643651393
1643651393
1643651393
1643651393
1643651393
1643651393
1643651393
1643651393
1643651393
1643651393
1643651393
1643651393
1643651393
1643651393
1643651393
1643651393
1643651393
1643651393
1643651393
1643651397
1643651398
1643651398
